%YAML:1.0
# Raw Instrument Calibration Data
# Made by OpticalMindControl software
# leifer@princeton.edu
# 
gitHash: ecfe57ec4674f684c4c4939436565c554e6b66dd
gitBuildTime: "Mon Mar 27 21:53:53     2017"
ExperimentTime: "Tue Mar 28 10:30:19 2017\n"
DLPwidth: 1024
DLPheight: 768
CCDwidth: 1024
CCDheight: 768
SizeOfInt: 4
PairOfPoints:
   -
      DLP:
         x: 200
         y: 100
      CCD:
         x: 952
         y: 5
   -
      DLP:
         x: 300
         y: 100
      CCD:
         x: 817
         y: 13
   -
      DLP:
         x: 400
         y: 100
      CCD:
         x: 684
         y: 12
   -
      DLP:
         x: 500
         y: 100
      CCD:
         x: 552
         y: 14
   -
      DLP:
         x: 600
         y: 100
      CCD:
         x: 418
         y: 18
   -
      DLP:
         x: 700
         y: 100
      CCD:
         x: 285
         y: 18
   -
      DLP:
         x: 800
         y: 100
      CCD:
         x: 154
         y: 13
   -
      DLP:
         x: 200
         y: 200
      CCD:
         x: 952
         y: 145
   -
      DLP:
         x: 300
         y: 200
      CCD:
         x: 815
         y: 148
   -
      DLP:
         x: 400
         y: 200
      CCD:
         x: 683
         y: 151
   -
      DLP:
         x: 500
         y: 200
      CCD:
         x: 549
         y: 151
   -
      DLP:
         x: 600
         y: 200
      CCD:
         x: 417
         y: 152
   -
      DLP:
         x: 700
         y: 200
      CCD:
         x: 287
         y: 151
   -
      DLP:
         x: 800
         y: 200
      CCD:
         x: 156
         y: 151
   -
      DLP:
         x: 200
         y: 300
      CCD:
         x: 951
         y: 279
   -
      DLP:
         x: 300
         y: 300
      CCD:
         x: 815
         y: 283
   -
      DLP:
         x: 400
         y: 300
      CCD:
         x: 678
         y: 282
   -
      DLP:
         x: 500
         y: 300
      CCD:
         x: 550
         y: 284
   -
      DLP:
         x: 600
         y: 300
      CCD:
         x: 419
         y: 283
   -
      DLP:
         x: 700
         y: 300
      CCD:
         x: 288
         y: 283
   -
      DLP:
         x: 800
         y: 300
      CCD:
         x: 156
         y: 282
   -
      DLP:
         x: 900
         y: 300
      CCD:
         x: 22
         y: 278
   -
      DLP:
         x: 200
         y: 400
      CCD:
         x: 948
         y: 412
   -
      DLP:
         x: 300
         y: 400
      CCD:
         x: 813
         y: 414
   -
      DLP:
         x: 400
         y: 400
      CCD:
         x: 680
         y: 414
   -
      DLP:
         x: 500
         y: 400
      CCD:
         x: 548
         y: 414
   -
      DLP:
         x: 600
         y: 400
      CCD:
         x: 418
         y: 414
   -
      DLP:
         x: 700
         y: 400
      CCD:
         x: 287
         y: 414
   -
      DLP:
         x: 800
         y: 400
      CCD:
         x: 156
         y: 413
   -
      DLP:
         x: 900
         y: 400
      CCD:
         x: 21
         y: 415
   -
      DLP:
         x: 200
         y: 500
      CCD:
         x: 947
         y: 545
   -
      DLP:
         x: 300
         y: 500
      CCD:
         x: 812
         y: 545
   -
      DLP:
         x: 400
         y: 500
      CCD:
         x: 680
         y: 546
   -
      DLP:
         x: 500
         y: 500
      CCD:
         x: 546
         y: 543
   -
      DLP:
         x: 600
         y: 500
      CCD:
         x: 417
         y: 544
   -
      DLP:
         x: 700
         y: 500
      CCD:
         x: 289
         y: 544
   -
      DLP:
         x: 800
         y: 500
      CCD:
         x: 157
         y: 544
   -
      DLP:
         x: 200
         y: 600
      CCD:
         x: 947
         y: 676
   -
      DLP:
         x: 300
         y: 600
      CCD:
         x: 812
         y: 676
   -
      DLP:
         x: 400
         y: 600
      CCD:
         x: 680
         y: 677
   -
      DLP:
         x: 500
         y: 600
      CCD:
         x: 549
         y: 675
   -
      DLP:
         x: 600
         y: 600
      CCD:
         x: 419
         y: 674
   -
      DLP:
         x: 700
         y: 600
      CCD:
         x: 286
         y: 675
   -
      DLP:
         x: 800
         y: 600
      CCD:
         x: 156
         y: 670
