%YAML:1.0
# Raw Instrument Calibration Data
# Made by OpticalMindControl software
# leifer@princeton.edu
# 
gitHash: ecfe57ec4674f684c4c4939436565c554e6b66dd
gitBuildTime: "Mon Mar 27 21:53:53     2017"
ExperimentTime: "Fri Apr 07 21:05:55 2017\n"
DLPwidth: 1024
DLPheight: 768
CCDwidth: 1024
CCDheight: 768
SizeOfInt: 4
PairOfPoints:
   -
      DLP:
         x: 200
         y: 200
      CCD:
         x: 933
         y: 89
   -
      DLP:
         x: 300
         y: 200
      CCD:
         x: 799
         y: 91
   -
      DLP:
         x: 400
         y: 200
      CCD:
         x: 664
         y: 93
   -
      DLP:
         x: 500
         y: 200
      CCD:
         x: 531
         y: 94
   -
      DLP:
         x: 600
         y: 200
      CCD:
         x: 401
         y: 93
   -
      DLP:
         x: 700
         y: 200
      CCD:
         x: 270
         y: 94
   -
      DLP:
         x: 800
         y: 200
      CCD:
         x: 137
         y: 92
   -
      DLP:
         x: 200
         y: 300
      CCD:
         x: 932
         y: 222
   -
      DLP:
         x: 300
         y: 300
      CCD:
         x: 797
         y: 224
   -
      DLP:
         x: 400
         y: 300
      CCD:
         x: 664
         y: 225
   -
      DLP:
         x: 500
         y: 300
      CCD:
         x: 530
         y: 228
   -
      DLP:
         x: 600
         y: 300
      CCD:
         x: 401
         y: 226
   -
      DLP:
         x: 700
         y: 300
      CCD:
         x: 269
         y: 227
   -
      DLP:
         x: 800
         y: 300
      CCD:
         x: 137
         y: 226
   -
      DLP:
         x: 900
         y: 300
      CCD:
         x: 4
         y: 224
   -
      DLP:
         x: 200
         y: 400
      CCD:
         x: 929
         y: 354
   -
      DLP:
         x: 300
         y: 400
      CCD:
         x: 795
         y: 357
   -
      DLP:
         x: 400
         y: 400
      CCD:
         x: 662
         y: 357
   -
      DLP:
         x: 500
         y: 400
      CCD:
         x: 529
         y: 358
   -
      DLP:
         x: 600
         y: 400
      CCD:
         x: 399
         y: 358
   -
      DLP:
         x: 700
         y: 400
      CCD:
         x: 267
         y: 358
   -
      DLP:
         x: 800
         y: 400
      CCD:
         x: 137
         y: 357
   -
      DLP:
         x: 900
         y: 400
      CCD:
         x: 6
         y: 357
   -
      DLP:
         x: 200
         y: 500
      CCD:
         x: 930
         y: 489
   -
      DLP:
         x: 300
         y: 500
      CCD:
         x: 794
         y: 487
   -
      DLP:
         x: 400
         y: 500
      CCD:
         x: 661
         y: 489
   -
      DLP:
         x: 500
         y: 500
      CCD:
         x: 529
         y: 489
   -
      DLP:
         x: 600
         y: 500
      CCD:
         x: 399
         y: 488
   -
      DLP:
         x: 700
         y: 500
      CCD:
         x: 270
         y: 489
   -
      DLP:
         x: 800
         y: 500
      CCD:
         x: 133
         y: 488
   -
      DLP:
         x: 900
         y: 500
      CCD:
         x: 8
         y: 484
   -
      DLP:
         x: 200
         y: 600
      CCD:
         x: 928
         y: 620
   -
      DLP:
         x: 300
         y: 600
      CCD:
         x: 794
         y: 619
   -
      DLP:
         x: 400
         y: 600
      CCD:
         x: 662
         y: 620
   -
      DLP:
         x: 500
         y: 600
      CCD:
         x: 531
         y: 618
   -
      DLP:
         x: 600
         y: 600
      CCD:
         x: 398
         y: 619
   -
      DLP:
         x: 700
         y: 600
      CCD:
         x: 267
         y: 619
   -
      DLP:
         x: 800
         y: 600
      CCD:
         x: 136
         y: 619
   -
      DLP:
         x: 200
         y: 700
      CCD:
         x: 928
         y: 749
   -
      DLP:
         x: 300
         y: 700
      CCD:
         x: 794
         y: 752
   -
      DLP:
         x: 400
         y: 700
      CCD:
         x: 663
         y: 752
   -
      DLP:
         x: 500
         y: 700
      CCD:
         x: 530
         y: 750
   -
      DLP:
         x: 600
         y: 700
      CCD:
         x: 397
         y: 750
   -
      DLP:
         x: 700
         y: 700
      CCD:
         x: 268
         y: 749
