%YAML:1.0
# Raw Instrument Calibration Data
# Made by OpticalMindControl software
# leifer@princeton.edu
# 
gitHash: c8621833c8ba013e5a5b1e4e178871ec7a2bf23d
gitBuildTime: "Fri Aug  5 16:46:29     2016"
ExperimentTime: "Sat Sep 17 08:38:46 2016\n"
DLPwidth: 1024
DLPheight: 768
CCDwidth: 1024
CCDheight: 768
SizeOfInt: 4
PairOfPoints:
   -
      DLP:
         x: 0
         y: 0
      CCD:
         x: 556
         y: 346
   -
      DLP:
         x: 100
         y: 0
      CCD:
         x: 556
         y: 346
   -
      DLP:
         x: 200
         y: 0
      CCD:
         x: 556
         y: 346
   -
      DLP:
         x: 300
         y: 0
      CCD:
         x: 556
         y: 346
   -
      DLP:
         x: 400
         y: 0
      CCD:
         x: 556
         y: 346
   -
      DLP:
         x: 500
         y: 0
      CCD:
         x: 556
         y: 346
   -
      DLP:
         x: 600
         y: 0
      CCD:
         x: 556
         y: 346
   -
      DLP:
         x: 700
         y: 0
      CCD:
         x: 556
         y: 346
   -
      DLP:
         x: 800
         y: 0
      CCD:
         x: 556
         y: 346
   -
      DLP:
         x: 900
         y: 0
      CCD:
         x: 556
         y: 346
   -
      DLP:
         x: 1000
         y: 0
      CCD:
         x: 556
         y: 346
   -
      DLP:
         x: 0
         y: 100
      CCD:
         x: 556
         y: 346
   -
      DLP:
         x: 100
         y: 100
      CCD:
         x: 556
         y: 346
   -
      DLP:
         x: 200
         y: 100
      CCD:
         x: 556
         y: 346
   -
      DLP:
         x: 300
         y: 100
      CCD:
         x: 556
         y: 346
   -
      DLP:
         x: 400
         y: 100
      CCD:
         x: 556
         y: 346
   -
      DLP:
         x: 500
         y: 100
      CCD:
         x: 556
         y: 346
   -
      DLP:
         x: 600
         y: 100
      CCD:
         x: 556
         y: 346
   -
      DLP:
         x: 700
         y: 100
      CCD:
         x: 556
         y: 346
   -
      DLP:
         x: 800
         y: 100
      CCD:
         x: 556
         y: 346
   -
      DLP:
         x: 900
         y: 100
      CCD:
         x: 556
         y: 346
   -
      DLP:
         x: 1000
         y: 100
      CCD:
         x: 556
         y: 346
   -
      DLP:
         x: 0
         y: 200
      CCD:
         x: 556
         y: 346
   -
      DLP:
         x: 100
         y: 200
      CCD:
         x: 556
         y: 346
   -
      DLP:
         x: 200
         y: 200
      CCD:
         x: 556
         y: 346
   -
      DLP:
         x: 300
         y: 200
      CCD:
         x: 556
         y: 346
   -
      DLP:
         x: 400
         y: 200
      CCD:
         x: 556
         y: 346
   -
      DLP:
         x: 500
         y: 200
      CCD:
         x: 556
         y: 346
   -
      DLP:
         x: 600
         y: 200
      CCD:
         x: 556
         y: 346
   -
      DLP:
         x: 700
         y: 200
      CCD:
         x: 556
         y: 346
   -
      DLP:
         x: 800
         y: 200
      CCD:
         x: 556
         y: 346
   -
      DLP:
         x: 900
         y: 200
      CCD:
         x: 556
         y: 346
   -
      DLP:
         x: 1000
         y: 200
      CCD:
         x: 556
         y: 346
   -
      DLP:
         x: 0
         y: 300
      CCD:
         x: 556
         y: 346
   -
      DLP:
         x: 100
         y: 300
      CCD:
         x: 556
         y: 346
   -
      DLP:
         x: 200
         y: 300
      CCD:
         x: 556
         y: 346
   -
      DLP:
         x: 300
         y: 300
      CCD:
         x: 556
         y: 346
   -
      DLP:
         x: 400
         y: 300
      CCD:
         x: 556
         y: 346
   -
      DLP:
         x: 500
         y: 300
      CCD:
         x: 556
         y: 346
   -
      DLP:
         x: 600
         y: 300
      CCD:
         x: 556
         y: 346
   -
      DLP:
         x: 700
         y: 300
      CCD:
         x: 556
         y: 346
   -
      DLP:
         x: 800
         y: 300
      CCD:
         x: 556
         y: 346
   -
      DLP:
         x: 900
         y: 300
      CCD:
         x: 556
         y: 346
   -
      DLP:
         x: 1000
         y: 300
      CCD:
         x: 556
         y: 346
   -
      DLP:
         x: 0
         y: 400
      CCD:
         x: 556
         y: 346
   -
      DLP:
         x: 100
         y: 400
      CCD:
         x: 556
         y: 346
   -
      DLP:
         x: 200
         y: 400
      CCD:
         x: 556
         y: 346
   -
      DLP:
         x: 300
         y: 400
      CCD:
         x: 556
         y: 346
   -
      DLP:
         x: 400
         y: 400
      CCD:
         x: 556
         y: 346
   -
      DLP:
         x: 500
         y: 400
      CCD:
         x: 556
         y: 346
   -
      DLP:
         x: 600
         y: 400
      CCD:
         x: 556
         y: 346
   -
      DLP:
         x: 700
         y: 400
      CCD:
         x: 556
         y: 346
   -
      DLP:
         x: 800
         y: 400
      CCD:
         x: 556
         y: 346
   -
      DLP:
         x: 900
         y: 400
      CCD:
         x: 556
         y: 346
   -
      DLP:
         x: 1000
         y: 400
      CCD:
         x: 556
         y: 346
   -
      DLP:
         x: 0
         y: 500
      CCD:
         x: 556
         y: 346
   -
      DLP:
         x: 100
         y: 500
      CCD:
         x: 556
         y: 346
   -
      DLP:
         x: 200
         y: 500
      CCD:
         x: 556
         y: 346
   -
      DLP:
         x: 300
         y: 500
      CCD:
         x: 556
         y: 346
   -
      DLP:
         x: 400
         y: 500
      CCD:
         x: 556
         y: 346
   -
      DLP:
         x: 500
         y: 500
      CCD:
         x: 556
         y: 346
   -
      DLP:
         x: 600
         y: 500
      CCD:
         x: 556
         y: 346
   -
      DLP:
         x: 700
         y: 500
      CCD:
         x: 556
         y: 346
   -
      DLP:
         x: 800
         y: 500
      CCD:
         x: 556
         y: 346
   -
      DLP:
         x: 900
         y: 500
      CCD:
         x: 556
         y: 346
   -
      DLP:
         x: 1000
         y: 500
      CCD:
         x: 556
         y: 346
   -
      DLP:
         x: 0
         y: 600
      CCD:
         x: 556
         y: 346
   -
      DLP:
         x: 100
         y: 600
      CCD:
         x: 556
         y: 346
   -
      DLP:
         x: 200
         y: 600
      CCD:
         x: 556
         y: 346
   -
      DLP:
         x: 300
         y: 600
      CCD:
         x: 556
         y: 346
   -
      DLP:
         x: 400
         y: 600
      CCD:
         x: 556
         y: 346
   -
      DLP:
         x: 500
         y: 600
      CCD:
         x: 556
         y: 346
   -
      DLP:
         x: 600
         y: 600
      CCD:
         x: 556
         y: 346
   -
      DLP:
         x: 700
         y: 600
      CCD:
         x: 556
         y: 346
   -
      DLP:
         x: 800
         y: 600
      CCD:
         x: 556
         y: 346
   -
      DLP:
         x: 900
         y: 600
      CCD:
         x: 556
         y: 346
   -
      DLP:
         x: 1000
         y: 600
      CCD:
         x: 556
         y: 346
   -
      DLP:
         x: 0
         y: 700
      CCD:
         x: 556
         y: 346
   -
      DLP:
         x: 100
         y: 700
      CCD:
         x: 556
         y: 346
   -
      DLP:
         x: 200
         y: 700
      CCD:
         x: 556
         y: 346
   -
      DLP:
         x: 300
         y: 700
      CCD:
         x: 556
         y: 346
   -
      DLP:
         x: 400
         y: 700
      CCD:
         x: 556
         y: 346
   -
      DLP:
         x: 500
         y: 700
      CCD:
         x: 556
         y: 346
   -
      DLP:
         x: 600
         y: 700
      CCD:
         x: 556
         y: 346
   -
      DLP:
         x: 700
         y: 700
