%YAML:1.0
# Raw Instrument Calibration Data
# Made by OpticalMindControl software
# leifer@princeton.edu
# 
gitHash: "37d570d74af01b84b3233f82f84698f1af472d29"
gitBuildTime: "Wed Sep 21 17:02:29     2016"
ExperimentTime: "Thu Sep 29 15:01:11 2016\n"
DLPwidth: 1024
DLPheight: 768
CCDwidth: 1024
CCDheight: 768
SizeOfInt: 4
PairOfPoints:
   -
      DLP:
         x: 300
         y: 100
      CCD:
         x: 816
         y: 32
   -
      DLP:
         x: 400
         y: 100
      CCD:
         x: 678
         y: 29
   -
      DLP:
         x: 500
         y: 100
      CCD:
         x: 545
         y: 28
   -
      DLP:
         x: 500
         y: 200
      CCD:
         x: 545
         y: 165
   -
      DLP:
         x: 600
         y: 200
      CCD:
         x: 413
         y: 161
   -
      DLP:
         x: 700
         y: 200
      CCD:
         x: 282
         y: 159
   -
      DLP:
         x: 300
         y: 300
      CCD:
         x: 804
         y: 301
   -
      DLP:
         x: 400
         y: 300
      CCD:
         x: 672
         y: 297
   -
      DLP:
         x: 500
         y: 300
      CCD:
         x: 539
         y: 295
   -
      DLP:
         x: 600
         y: 300
      CCD:
         x: 409
         y: 293
   -
      DLP:
         x: 700
         y: 300
      CCD:
         x: 280
         y: 294
   -
      DLP:
         x: 400
         y: 400
      CCD:
         x: 669
         y: 430
   -
      DLP:
         x: 500
         y: 400
      CCD:
         x: 537
         y: 428
   -
      DLP:
         x: 600
         y: 400
      CCD:
         x: 409
         y: 425
   -
      DLP:
         x: 700
         y: 400
      CCD:
         x: 278
         y: 423
   -
      DLP:
         x: 800
         y: 400
      CCD:
         x: 143
         y: 419
   -
      DLP:
         x: 500
         y: 500
      CCD:
         x: 535
         y: 559
   -
      DLP:
         x: 600
         y: 500
      CCD:
         x: 404
         y: 559
   -
      DLP:
         x: 800
         y: 500
      CCD:
         x: 139
         y: 558
