%YAML:1.0
# Raw Instrument Calibration Data
# Made by OpticalMindControl software
# leifer@princeton.edu
# 
gitHash: "7e8fcf446fd95cfa3756cebf35b7e2512c80adce"
gitBuildTime: "Mon Jun 12 10:34:24     2017"
ExperimentTime: "Sat Jun 17 21:23:19 2017\n"
DLPwidth: 1024
DLPheight: 768
CCDwidth: 1024
CCDheight: 768
SizeOfInt: 4
PairOfPoints:
   -
      DLP:
         x: 200
         y: 100
      CCD:
         x: 923
         y: 14
   -
      DLP:
         x: 300
         y: 100
      CCD:
         x: 788
         y: 18
   -
      DLP:
         x: 400
         y: 100
      CCD:
         x: 653
         y: 18
   -
      DLP:
         x: 500
         y: 100
      CCD:
         x: 521
         y: 21
   -
      DLP:
         x: 600
         y: 100
      CCD:
         x: 387
         y: 20
   -
      DLP:
         x: 700
         y: 100
      CCD:
         x: 254
         y: 19
   -
      DLP:
         x: 200
         y: 200
      CCD:
         x: 919
         y: 148
   -
      DLP:
         x: 300
         y: 200
      CCD:
         x: 785
         y: 152
   -
      DLP:
         x: 400
         y: 200
      CCD:
         x: 652
         y: 155
   -
      DLP:
         x: 500
         y: 200
      CCD:
         x: 519
         y: 155
   -
      DLP:
         x: 600
         y: 200
      CCD:
         x: 389
         y: 155
   -
      DLP:
         x: 700
         y: 200
      CCD:
         x: 256
         y: 155
   -
      DLP:
         x: 800
         y: 200
      CCD:
         x: 125
         y: 151
   -
      DLP:
         x: 200
         y: 300
      CCD:
         x: 919
         y: 286
   -
      DLP:
         x: 300
         y: 300
      CCD:
         x: 783
         y: 286
   -
      DLP:
         x: 400
         y: 300
      CCD:
         x: 649
         y: 287
   -
      DLP:
         x: 500
         y: 300
      CCD:
         x: 520
         y: 287
   -
      DLP:
         x: 600
         y: 300
      CCD:
         x: 390
         y: 287
   -
      DLP:
         x: 700
         y: 300
      CCD:
         x: 257
         y: 288
   -
      DLP:
         x: 800
         y: 300
      CCD:
         x: 125
         y: 285
   -
      DLP:
         x: 200
         y: 400
      CCD:
         x: 918
         y: 416
   -
      DLP:
         x: 300
         y: 400
      CCD:
         x: 783
         y: 418
   -
      DLP:
         x: 400
         y: 400
      CCD:
         x: 651
         y: 418
   -
      DLP:
         x: 500
         y: 400
      CCD:
         x: 520
         y: 419
   -
      DLP:
         x: 600
         y: 400
      CCD:
         x: 388
         y: 418
   -
      DLP:
         x: 700
         y: 400
      CCD:
         x: 258
         y: 419
   -
      DLP:
         x: 800
         y: 400
      CCD:
         x: 127
         y: 418
   -
      DLP:
         x: 200
         y: 500
      CCD:
         x: 915
         y: 548
   -
      DLP:
         x: 300
         y: 500
      CCD:
         x: 781
         y: 549
   -
      DLP:
         x: 400
         y: 500
      CCD:
         x: 652
         y: 548
   -
      DLP:
         x: 500
         y: 500
      CCD:
         x: 517
         y: 550
   -
      DLP:
         x: 600
         y: 500
      CCD:
         x: 388
         y: 549
   -
      DLP:
         x: 700
         y: 500
      CCD:
         x: 256
         y: 547
   -
      DLP:
         x: 800
         y: 500
      CCD:
         x: 125
         y: 550
   -
      DLP:
         x: 200
         y: 600
      CCD:
         x: 917
         y: 683
   -
      DLP:
         x: 300
         y: 600
      CCD:
         x: 781
         y: 680
   -
      DLP:
         x: 400
         y: 600
      CCD:
         x: 651
         y: 681
   -
      DLP:
         x: 500
         y: 600
      CCD:
         x: 519
         y: 679
   -
      DLP:
         x: 600
         y: 600
      CCD:
         x: 387
         y: 675
   -
      DLP:
         x: 700
         y: 600
      CCD:
         x: 256
         y: 679
